density: 0.016886981010157027
discourse: 0.015149485210166342
diversity: 0.016511867588452106
linking_rate: 0.00958440767295537
reference: 0.000213928128622942
synonyms_rate: 0.00012044923329375378
