density: 0.0020449857295427856
discourse: 0.001341805138008336
diversity: 0.0011711131495556186
linking_rate: 0.0009343432312330977
reference: 1.0734331371547197e-05
synonyms_rate: 4.889836185953033e-06
