density: 0.015072189303940468
discourse: 0.009194709034037879
diversity: 0.00984986131284341
linking_rate: 0.006211303954459488
reference: 0.00012866171142626848
synonyms_rate: 0.0001288504469265471
