density: 0.018743551383740415
discourse: 0.009500979983810741
diversity: 0.010490620264045347
linking_rate: 0.00739475081765498
reference: 0.0001975839256647302
synonyms_rate: 0.00012418655105881762
