best parameters: {'alpha': 1.0}
 best_train_score: -0.513664233787492
 best_test_score: -0.7015341290031111
